"","lat_36_00000","lat_36_00450","lat_36_00900","lat_36_01350","lat_36_01800","lat_36_02250","lat_36_02700","lat_36_03150","lat_36_03600","lat_36_04050","lat_36_04500","lat_36_05849","lat_36_06299","lat_36_06749","lat_36_07199","lat_36_07649","lat_36_08099","lat_36_08549","lat_36_08999","lat_36_09449","lat_36_09899","lat_36_10349","lat_36_10799","lat_36_11249","lat_36_11698","lat_36_12148","lat_36_12598","lat_36_13048","lat_36_13498","lat_36_13948","lat_36_14398","lat_36_14848","lat_36_15298","lat_36_15748","lat_36_16198","lat_36_16648","lat_36_17098","lat_36_17547","lat_36_17997","lat_36_18447","lat_36_19347","lat_36_19797","lat_36_20247","lat_36_20697","lat_36_21147","lat_36_21597","lat_36_22047"
"lat_36_00000",0,2.60136275255,3.79842440698633,4.68304817180114,5.93003874735711,6.90418968963124,7.24500364022219,7.57860839275484,8.03741751572617,8.49794728456933,9.21777049980076,10.2984453259271,10.7981231929647,11.6829467668821,12.3459071482957,12.8614153611804,13.5262052479945,13.9208685569984,14.5979513282173,14.9884025224096,15.4288479733672,15.8987100979637,16.453604176787,16.9307547710584,17.6292246144473,18.3810728225062,18.9894272167676,19.5879011410175,20.1667184821203,20.6549367264052,21.3141065264306,21.9947989361178,22.6244311616491,23.2447378390208,23.9345766146497,24.7542091529243,25.7131873468139,26.1487659722303,26.8865252177136,27.5008367936172,29.2024829981387,30.463873184049,30.9118097299959,31.9139459778461,32.8468576900526,33.8335080740447,34.7473607176172
"lat_36_00450",2.60136275255,0,1.2082144524473,2.11630218986695,3.36476193576494,4.3510345137866,4.73091934278035,5.11019406745699,5.60776826794426,6.09909888967197,6.86528895437933,8.09057184867721,8.586980782461,9.44953096960532,10.1189213258419,10.6565780435924,11.3263110414296,11.7377168286201,12.4477681154171,12.8541641919696,13.3222130130365,13.8117843226974,14.3803411507381,14.8752175531905,15.5683700651291,16.309992429134,16.9227523928861,17.5266004053818,18.11210501732,18.6154314930807,19.2732724606107,19.9507937032527,20.5818102893686,21.2042596849186,21.8904691406346,22.6951149867963,23.6404193488529,24.0747452507642,24.8165660448802,25.4269053070873,27.1119962651838,28.3452258872939,28.7954107303954,29.7805118431927,30.7001998359691,31.6730058150393,32.577327307036
"lat_36_00900",3.79842440698633,1.2082144524473,0,0.916880247020657,2.15965238973621,3.14803846216567,3.54296968490571,3.94310372082331,4.45761408167982,4.96147548686404,5.74602125872683,7.03637169338685,7.52696416049556,8.37265701312432,9.04150342540976,9.58699600713246,10.2560013128813,10.6734336690437,11.3958131841166,11.8079464551035,12.2868570188491,12.7836176617365,13.3563762353202,13.8576090077457,14.546197906111,15.2812023950808,15.8943461728889,16.4991132864263,17.0862231625497,17.5950379615173,18.2509662231459,18.9258489565168,19.5563529952652,20.1786898163131,20.8623033124821,21.6595111125576,22.5979251218917,23.0312252375291,23.7738970998423,24.3819612451205,26.0587243261199,27.2796546960079,27.7304089593089,28.708090962277,29.6220258177204,30.5889069967024,31.48909462608
"lat_36_01350",4.68304817180114,2.11630218986695,0.916880247020657,0,1.24981621772652,2.23473240200673,2.62659285121056,3.0341035159952,3.55669355413174,4.06666314943421,4.86036450619716,6.18937379082518,6.67451575771436,7.50741497274419,8.17475762754832,8.72417559576029,9.39180103730905,9.81232312076854,10.5412680980317,10.9563990754702,11.4413943590183,11.942007687001,12.5167251831804,13.0213516644428,13.7064812482772,14.4368726949292,15.0497912161116,15.6546904164657,16.2423769376948,16.7541415061968,17.4085539345258,18.0815247589759,18.7114215869361,19.3334100335982,20.0152293534246,20.8078656152618,21.742072282588,22.1746677683861,22.91760513272,23.5242403376364,25.1960363934168,26.4101344920182,26.861114631796,27.8347583386484,28.7456087828919,29.7093776032094,30.6074122385784
"lat_36_01800",5.93003874735711,3.36476193576494,2.15965238973621,1.24981621772652,0,0.989735887897623,1.4243166557653,1.88467720331306,2.43558248797281,2.96021113580267,3.77318473358171,5.19235245921666,5.65857798935098,6.45284335703746,7.11254119834707,7.66882498668338,8.33025268433594,8.75647445585946,9.49795589621067,9.91845617525906,10.4153507346717,10.922797674535,11.5000854857692,12.0105584391141,12.6867934770437,13.4059726786811,14.0173038655938,14.6214730733067,15.2094572901037,15.7265800805421,16.3769822110719,17.045186392881,17.6731216734724,18.2937424290697,18.971220985893,19.7537464681584,20.6785016784984,21.1093278153754,21.8523332974565,22.4556235756117,24.1161256084306,25.3151580180766,25.7664468380736,26.7310139069332,27.6348235118517,28.591422309138,29.4844028796398
"lat_36_02250",6.90418968963124,4.3510345137866,3.14803846216567,2.23473240200673,0.989735887897623,0,0.523444518360781,1.03729085374389,1.58947657183755,2.10855750333613,2.9197658444106,4.40099005772573,4.84330752626287,5.59598606272038,6.24499278918339,6.80397394147888,7.45748820438402,7.88659402715868,8.63532646978865,9.05866525710099,9.56327363053798,10.0745500398396,10.652308778198,11.1660091868597,11.8341045563995,12.5436554460965,13.1528603568182,13.7556373540528,14.3430716779945,14.8634376383667,15.5102139458899,16.1743307533791,16.8002933643258,17.4194206212291,18.0933250569009,18.8682777160302,19.7859856371046,20.2153740502001,20.9580516978251,21.5587968168269,23.2110738281649,24.3998218805299,24.8511820510557,25.8096441387166,26.7087671641674,27.6606692293707,28.5503534762799
"lat_36_02700",7.24500364022219,4.73091934278035,3.54296968490571,2.62659285121056,1.4243166557653,0.523444518360781,0,0.514277172601,1.06652034498323,1.58741840994955,2.40046955019967,3.87762785467525,4.32118330614455,5.07980123905007,5.73145564566222,6.29004706535631,6.94572079669989,7.37423415766598,8.12146975431076,8.54429030586598,9.04745160536003,9.55811639941294,10.135886105552,10.6491009362324,11.3187635463961,12.0304086569445,12.6401674126311,13.2433334893778,13.8309558988967,14.3506167886166,14.9982921383532,15.6634664093936,16.2899809127757,16.9095428751098,17.5844627949191,18.3616851848154,19.2817269861619,19.7116299575429,20.4544557615776,21.0561278982224,22.7116018633752,23.904842291057,24.3561819363295,25.3176350308158,26.2192433489078,27.1738173218046,28.0654991850396
"lat_36_03150",7.57860839275484,5.11019406745699,3.94310372082331,3.0341035159952,1.88467720331306,1.03729085374389,0.514277172601,0,0.558254376385017,1.0835340543631,1.89876409957459,3.36508567606896,3.81204668149622,4.5809234072568,5.23630088581306,5.79404535805672,6.45258529556013,6.88009514581685,7.62497786177277,8.04696004774749,8.54794040386899,9.05763748043365,9.63534914762965,10.1477996025271,10.8196412286577,11.5341161453575,12.1445613346855,12.7481899735214,13.3360081029686,13.8546788613946,14.5035029009097,15.1700201606105,15.7972082928128,16.4172899391292,17.0934715856502,17.8735264435503,18.7964250788113,19.2269361311422,19.9698947528201,20.5726705535557,22.2319385440938,23.4304946836924,23.8817811954756,24.8467166409616,25.7511882438836,26.7088200868198,27.6027642143762
"lat_36_03600",8.03741751572617,5.60776826794426,4.45761408167982,3.55669355413174,2.43558248797281,1.58947657183755,1.06652034498323,0.558254376385017,0,0.525880551817172,1.3410673219455,2.81194998312645,3.25502060799347,4.02335876823581,4.67977922304779,5.23717062801526,5.89663142545376,6.32373163736974,7.06782127247512,7.48956129356851,7.99005681574705,8.49959334826886,9.07729047940383,9.5896482348407,10.2617898070393,10.9768823948683,11.5874995157927,12.1912456892597,12.7791082056815,13.2974957785536,13.9466276152961,14.6135416081178,15.2409364827737,15.8611807034403,16.537791532756,17.3189169994706,18.2430063433325,18.6737778538697,19.4167779959649,20.0200430509769,21.6810983124458,22.8824054559538,23.333649873856,24.3004973774674,25.2065978026716,26.1660232095876,27.0613210656162
"lat_36_04050",8.49794728456933,6.09909888967197,4.96147548686404,4.06666314943421,2.96021113580267,2.10855750333613,1.58741840994955,1.0835340543631,0.525880551817172,0,0.81526475917835,2.30090765604722,2.73513349963123,3.4975339149681,4.15398179900692,4.71130585965253,5.3709835509172,5.7979574828142,6.5419413334888,6.96370479400211,7.46441165291534,7.97412362140618,8.55184179408496,9.06437839752398,9.73612041207921,10.4510077494703,11.0616189904812,11.6653684124452,12.2532333512762,12.7716183406362,13.4207541045746,14.087719763453,14.7151564299949,15.3354390566206,16.0121729055698,16.7937017868777,17.7183439435121,18.1492453417621,18.8922624467805,19.4957810740623,21.1578361952639,22.3608462734838,22.8120584291982,23.7801609498963,24.6873647208812,25.6480355813987,26.5442883264421
"lat_36_04500",9.21777049980076,6.86528895437933,5.74602125872683,4.86036450619716,3.77318473358171,2.9197658444106,2.40046955019967,1.89876409957459,1.3410673219455,0.81526475917835,0,1.5218830439106,1.93166697045509,2.68229146664073,3.33956777893095,3.89649233687473,4.55708148073396,4.98357353341655,5.7268723039741,6.14850841704438,6.64918288129642,7.15901802993158,7.73675132859224,8.24945203226847,8.92087748508426,9.63587426856968,10.2465753058229,10.8503930342986,11.4382832202519,11.9565038560391,12.6058143007723,13.2730571475624,13.9006522687594,14.5210640164849,15.1981679286144,15.9807301363497,16.9066279360265,17.3378077761599,18.0808513762863,18.6849050035889,20.3489924805437,21.5553183035417,22.0064574503706,22.9769224621379,23.8861642656466,24.8491053069027,25.7470745295365
"lat_36_05849",10.2984453259271,8.09057184867721,7.03637169338685,6.18937379082518,5.19235245921666,4.40099005772573,3.87762785467525,3.36508567606896,2.81194998312645,2.30090765604722,1.5218830439106,0,0.499882617263385,1.38736499800119,2.04746593923264,2.57030418281566,3.23918074331877,3.64741240740865,4.36059501683101,4.77161242009731,5.25243899949162,5.75267699753935,6.32769045271458,6.83354460627077,7.51731198686481,8.24782179675215,8.8608299580658,9.46572435574353,10.0532976884659,10.5647683043855,11.2192698147012,11.8926344965165,12.522736368052,13.1448661817411,13.8274723708458,14.6232391531295,15.5618515739159,15.99532115576,16.737893752433,17.3463893639934,19.0260438930479,20.2550174430901,20.7053101525837,21.6900057551017,22.6106164647513,23.5855459060122,24.4920530893975
"lat_36_06299",10.7981231929647,8.586980782461,7.52696416049556,6.67451575771436,5.65857798935098,4.84330752626287,4.32118330614455,3.81204668149622,3.25502060799347,2.73513349963123,1.93166697045509,0.499882617263385,0,0.891205668443232,1.54791146622703,2.07136486869364,2.74062352748491,3.15083807324543,3.86889252003221,4.28226138674377,4.76782487214395,5.27093558871823,5.84711144067887,6.35523942493376,7.03595476953031,7.76311166517709,8.37586186499816,8.98073594163385,9.56855574882424,10.0816479493128,10.7351645714683,11.407401213446,12.0371280692474,12.6590344813053,13.3407139084325,14.1343245211137,15.0711342723368,15.5043324636874,16.2470492430657,16.8549982545711,18.5328721369102,19.7596438802704,20.2100374964369,21.193609992051,22.1134599415907,23.0877025452886,23.9937943088347
"lat_36_06749",11.6829467668821,9.44953096960532,8.37265701312432,7.50741497274419,6.45284335703746,5.59598606272038,5.07980123905007,4.5809234072568,4.02335876823581,3.4975339149681,2.68229146664073,1.38736499800119,0.891205668443232,0,0.669475816047302,1.21760388608571,1.88438761078894,2.30632563267985,3.04514632580221,3.46628468744083,3.96765267799726,4.4785676890888,5.05633022903631,5.57012829888748,6.23908269116022,6.95377773990291,7.56473443812462,8.16875688286243,8.75671423915922,9.27443694697525,9.924251784764,10.5923964521965,11.2205140361559,11.8413474435835,12.5197252594065,13.3059871577713,14.2364199472764,14.668563923836,15.4115821691318,16.017510318496,17.6887672609919,18.9070058431001,19.3577525256321,20.336602738687,21.2530123493394,22.2239069890925,23.1277984826399
"lat_36_07199",12.3459071482957,10.1189213258419,9.04150342540976,8.17475762754832,7.11254119834707,6.24499278918339,5.73145564566222,5.23630088581306,4.67977922304779,4.15398179900692,3.33956777893095,2.04746593923264,1.54791146622703,0.669475816047302,0,0.559332106492321,1.21838726240276,1.64400909996591,2.39034005900233,2.81398662741529,3.32203565959359,3.83555053492173,4.41267704337589,4.92832033163455,5.59046583128479,6.29896667508966,6.90878126986254,7.51213817402269,8.09987790574593,8.61917865019638,9.26732843984708,9.93377729034925,10.5611776663849,11.1815150141789,11.858680077376,12.6425836508592,13.5711979857421,14.0030479147405,14.7460946005805,15.3515038045378,17.0212941374688,18.2381832122491,18.6889669108221,19.6673469379865,20.5835727296104,21.5544402114872,22.4584080129127
"lat_36_07649",12.8614153611804,10.6565780435924,9.58699600713246,8.72417559576029,7.66882498668338,6.80397394147888,6.29004706535631,5.79404535805672,5.23717062801526,4.71130585965253,3.89649233687473,2.57030418281566,2.07136486869364,1.21760388608571,0.559332106492321,0,0.669747951702945,1.08872174836098,1.83143644609697,2.25478027311545,2.7628644136281,3.27659798201266,3.8535856988436,4.36939358016791,5.03114758624603,5.74042961357529,6.35056557649868,6.95414474841908,7.54197212323464,8.06082167264965,8.70947863548759,9.37658981611664,10.0043271679477,10.6249194568726,11.3027746574352,12.0884252037177,13.0189345820014,13.4511551662534,14.1941613053558,14.8002781546354,16.4726420863485,17.6935706235308,18.1441836551484,19.1252428349345,20.0436763927409,21.0169330341734,21.9226211881739
"lat_36_08099",13.5262052479945,11.3263110414296,10.2560013128813,9.39180103730905,8.33025268433594,7.45748820438402,6.94572079669989,6.45258529556013,5.89663142545376,5.3709835509172,4.55708148073396,3.23918074331877,2.74062352748491,1.88438761078894,1.21838726240276,0.669747951702945,0,0.430723287274172,1.18694656720709,1.612420316144,2.13005594816119,2.64540411860422,3.21901187432862,3.73609689026448,4.38683056529525,5.08718960779227,5.69559959992141,6.29816454524324,6.88558541750024,7.40620669010445,8.05277218802025,8.71784053685995,9.34471036963821,9.96470663878415,10.6411926743277,11.4242845751602,12.3528966581063,12.7848205496776,13.5278609427583,14.1334611580229,15.8044176940931,17.0241698930853,17.4748151804323,18.4555505915188,19.3739314102401,20.3473079009313,21.2531787055264
"lat_36_08549",13.9208685569984,11.7377168286201,10.6734336690437,9.81232312076854,8.75647445585946,7.88659402715868,7.37423415766598,6.88009514581685,6.32373163736974,5.7979574828142,4.98357353341655,3.64741240740865,3.15083807324543,2.30632563267985,1.64400909996591,1.08872174836098,0.430723287274172,0,0.756885900935869,1.1821939991476,1.70115071886417,2.21637994351108,2.78911265588052,3.30624209717881,3.95610964310284,4.65740428816651,5.26626708354663,5.86915575548042,6.45672960217835,6.97685201984637,7.62405991504976,8.28992742441328,8.91720485960192,9.53750768883773,10.2147721567547,10.9997496306044,11.9303379394083,12.3626387061252,13.1056303367162,13.711942313826,15.3854359476799,16.6090852308444,17.0595491557509,18.0428065536578,18.9632326976489,19.9387984977486,20.8462206052652
"lat_36_08999",14.5979513282173,12.4477681154171,11.3958131841166,10.5412680980317,9.49795589621067,8.63532646978865,8.12146975431076,7.62497786177277,7.06782127247512,6.5419413334888,5.7268723039741,4.36059501683101,3.86889252003221,3.04514632580221,2.39034005900233,1.83143644609697,1.18694656720709,0.756885900935869,0,0.425496165027129,0.945024715685264,1.45993198088434,2.03223147539359,2.54935808819873,3.2017138443728,3.90915995096955,4.51970691647633,5.123628047587,5.7115741403624,6.22970184662129,6.8791132632548,7.54750291825815,8.17593263423358,8.79705134159049,9.47649638470484,10.2666143420428,11.2022576945775,11.6354406579907,12.3781587341352,12.9861726891321,14.6656599105948,15.8983849173241,16.3483442664109,17.3372781121902,18.2622099199919,19.2425368488445,20.1532631978046
"lat_36_09449",14.9884025224096,12.8541641919696,11.8079464551035,10.9563990754702,9.91845617525906,9.05866525710099,8.54429030586598,8.04696004774749,7.48956129356851,6.96370479400211,6.14850841704438,4.77161242009731,4.28226138674377,3.46628468744083,2.81398662741529,2.25478027311545,1.612420316144,1.1821939991476,0.425496165027129,0,0.523176487444575,1.0363108957397,1.60702872237805,2.12416786066212,2.77690795804623,3.48757026939215,4.09890031479606,4.70324399429223,5.29126466183491,5.80822787315102,6.45871975675485,7.12836424146036,7.75732494728279,8.37880080979438,9.05932667597277,9.85210542474615,10.7903608301804,11.2239653408147,11.9664471043905,12.5753102152665,14.2578493722749,15.4953537849014,15.9449930365445,16.9369033056202,17.8641886668594,18.8470069035814,19.7594432712568
"lat_36_09899",15.4288479733672,13.3222130130365,12.2868570188491,11.4413943590183,10.4153507346717,9.56327363053798,9.04745160536003,8.54794040386899,7.99005681574705,7.46441165291534,6.64918288129642,5.25243899949162,4.76782487214395,3.96765267799726,3.32203565959359,2.7628644136281,2.13005594816119,1.70115071886417,0.945024715685264,0.523176487444575,0,0.515351685985276,1.09084820883051,1.60727990239447,2.27176426247355,2.99547902239237,3.60841980494391,4.21331936016472,4.80098337731686,5.31396740677164,5.96737073712854,6.64020988728342,7.27030256456916,7.89245904258821,8.57548604504232,9.37438151638346,10.3182158442155,10.7526041811985,11.494355861386,12.1048947377852,13.7934236585988,15.0401782562446,15.4891009880708,16.4865298376479,17.4180584153367,18.4052927741223,19.3206807971673
"lat_36_10349",15.8987100979637,13.8117843226974,12.7836176617365,11.942007687001,10.922797674535,10.0745500398396,9.55811639941294,9.05763748043365,8.49959334826886,7.97412362140618,7.15901802993158,5.75267699753935,5.27093558871823,4.4785676890888,3.83555053492173,3.27659798201266,2.64540411860422,2.21637994351108,1.45993198088434,1.0363108957397,0.515351685985276,0,0.577770844892994,1.09279776181784,1.76501927610547,2.49853557972407,3.11157156785539,3.71601990769563,4.30274511961457,4.81223847890644,5.46745450213578,6.1423649806691,6.77302459544982,7.3954461777138,8.08011751105771,8.88342300600039,9.83129486917126,10.266163814816,11.0071411427968,11.6188323073297,13.3116724311896,14.565521313316,15.013780647776,16.0154556926295,16.9502518402452,17.9409134918716,18.8585671195044
"lat_36_10799",16.453604176787,14.3803411507381,13.3563762353202,12.5167251831804,11.5000854857692,10.652308778198,10.135886105552,9.63534914762965,9.07729047940383,8.55184179408496,7.73675132859224,6.32769045271458,5.84711144067887,5.05633022903631,4.41267704337589,3.8535856988436,3.21901187432862,2.78911265588052,2.03223147539359,1.60702872237805,1.09084820883051,0.577770844892994,0,0.517139296045242,1.18990178053264,1.93093528782546,2.54292735969742,3.14631823275299,3.73188184725525,4.23866203190779,4.89490972045086,5.57108020066419,6.20198732249513,6.82446714746221,7.51017254426401,8.31657484854383,9.26737908528337,9.70254297443655,10.4427921018941,11.055286540499,12.75129673444,14.01077354606,14.4584212830284,15.4635184524488,16.4009705509028,17.3944536971423,18.3139607543802
"lat_36_11249",16.9307547710584,14.8752175531905,13.8576090077457,13.0213516644428,12.0105584391141,11.1660091868597,10.6491009362324,10.1477996025271,9.5896482348407,9.06437839752398,8.24945203226847,6.83354460627077,6.35523942493376,5.57012829888748,4.92832033163455,4.36939358016791,3.73609689026448,3.30624209717881,2.54935808819873,2.12416786066212,1.60727990239447,1.09279776181784,0.517139296045242,0,0.698754807856205,1.45332488548488,2.05878503471819,2.65785029748337,3.23983956153554,3.74021901030955,4.39817308346663,5.07640533438819,5.70743477015362,6.32974402937673,7.01705058304787,7.82839181627894,8.78348938604069,9.21896294023478,9.95789298826461,10.5714522663543,12.2717359452354,13.5387926378181,13.9855214077435,14.9950255950291,15.9357968898402,16.9327493851684,17.8544655595407
"lat_36_11698",17.6292246144473,15.5683700651291,14.546197906111,13.7064812482772,12.6867934770437,11.8341045563995,11.3187635463961,10.8196412286577,10.2617898070393,9.73612041207921,8.92087748508426,7.51731198686481,7.03595476953031,6.23908269116022,5.59046583128479,5.03114758624603,4.38683056529525,3.95610964310284,3.2017138443728,2.77690795804623,2.27176426247355,1.76501927610547,1.18990178053264,0.698754807856205,0,0.755535741582931,1.36020286063311,1.96047170717376,2.54411579956933,3.04887297153453,3.70551782009161,4.3824316981066,5.01344150109897,5.63589680358698,6.32234198315307,7.13162976201663,8.08561843610335,8.52104305991297,9.26028122176128,9.87361997604525,11.5732647735614,12.840072466015,13.2867758248167,14.2965074653656,15.2376303766269,16.2350983407349,17.1572092643592
"lat_36_12148",18.3810728225062,16.309992429134,15.2812023950808,14.4368726949292,13.4059726786811,12.5436554460965,12.0304086569445,11.5341161453575,10.9768823948683,10.4510077494703,9.63587426856968,8.24782179675215,7.76311166517709,6.95377773990291,6.29896667508966,5.74042961357529,5.08718960779227,4.65740428816651,3.90915995096955,3.48757026939215,2.99547902239237,2.49853557972407,1.93093528782546,1.45332488548488,0.755535741582931,0,0.61314821789854,1.21795241390257,1.80550437629111,2.32066268174812,2.97216981834241,3.64486121090551,4.2751836510827,4.89749026260546,5.58164953820485,6.3858422149433,7.33662123817937,7.77184957334725,8.51192804841087,9.12458022116783,10.8219528356752,12.0861150567019,12.5330735334199,13.5418260699818,14.4824759857797,15.4796581901878,16.4016883293687
"lat_36_12598",18.9894272167676,16.9227523928861,15.8943461728889,15.0497912161116,14.0173038655938,13.1528603568182,12.6401674126311,12.1445613346855,11.5874995157927,11.0616189904812,10.2465753058229,8.8608299580658,8.37586186499816,7.56473443812462,6.90878126986254,6.35056557649868,5.69559959992141,5.26626708354663,4.51970691647633,4.09890031479606,3.60841980494391,3.11157156785539,2.54292735969742,2.05878503471819,1.36020286063311,0.61314821789854,0,0.604900057548873,1.19272934444395,1.71060721764363,2.35990600332219,3.03180686427455,3.6620602649194,4.28435122815847,4.96855514366596,5.77368118201866,6.72592988414416,7.16128729677944,7.90089331115468,8.51394327015242,10.2130649713068,11.480943316153,11.9273791141247,12.9384960420497,13.8810136520197,14.8802241255376,15.8035508635878
"lat_36_13048",19.5879011410175,17.5266004053818,16.4991132864263,15.6546904164657,14.6214730733067,13.7556373540528,13.2433334893778,12.7481899735214,12.1912456892597,11.6653684124452,10.8503930342986,9.46572435574353,8.98073594163385,8.16875688286243,7.51213817402269,6.95414474841908,6.29816454524324,5.86915575548042,5.123628047587,4.70324399429223,4.21331936016472,3.71601990769563,3.14631823275299,2.65785029748337,1.96047170717376,1.21795241390257,0.604900057548873,0,0.58802454336039,1.10965768314691,1.75550965435972,2.42691998643459,3.0572457754608,3.67958154486655,4.36418246028284,5.17120752392215,6.12569967537155,6.5612014995548,7.30004558649463,7.91363381488774,9.61505252641402,10.8876257406567,11.33336169556,12.3473267907742,13.2920299226294,14.2935774278744,15.2183548768982
"lat_36_13498",20.1667184821203,18.11210501732,17.0862231625497,16.2423769376948,15.2094572901037,14.3430716779945,13.8309558988967,13.3360081029686,12.7791082056815,12.2532333512762,11.4382832202519,10.0532976884659,9.56855574882424,8.75671423915922,8.09987790574593,7.54197212323464,6.88558541750024,6.45672960217835,5.7115741403624,5.29126466183491,4.80098337731686,4.30274511961457,3.73188184725525,3.23983956153554,2.54411579956933,1.80550437629111,1.19272934444395,0.58802454336039,0,0.528595802873001,1.16753990263334,1.83963173641193,2.47030592810676,3.09275784450209,3.7783717257188,4.58885362836773,5.5466641179214,5.98227624969249,6.71985225662565,7.3341361057051,9.03851803776104,10.3170401872174,10.7618181267564,11.7792188517547,12.7264768156378,13.7307150670725,14.6571052957428
"lat_36_13948",20.6549367264052,18.6154314930807,17.5950379615173,16.7541415061968,15.7265800805421,14.8634376383667,14.3506167886166,13.8546788613946,13.2974957785536,12.7716183406362,11.9565038560391,10.5647683043855,10.0816479493128,9.27443694697525,8.61917865019638,8.06082167264965,7.40620669010445,6.97685201984637,6.22970184662129,5.80822787315102,5.31396740677164,4.81223847890644,4.23866203190779,3.74021901030955,3.04887297153453,2.32066268174812,1.71060721764363,1.10965768314691,0.528595802873001,0,0.65924990685982,1.3398662736201,1.96985141107522,2.59128451371568,3.28027050023593,4.10078340352962,5.06576926637364,5.50114800608006,6.23508988493782,6.85057223881163,8.5604360557565,9.84986197743824,10.2926834302576,11.3158564603709,12.2671640580033,13.2755455782481,14.2042727818617
"lat_36_14398",21.3141065264306,19.2732724606107,18.2509662231459,17.4085539345258,16.3769822110719,15.5102139458899,14.9982921383532,14.5035029009097,13.9466276152961,13.4207541045746,12.6058143007723,11.2192698147012,10.7351645714683,9.924251784764,9.26732843984708,8.70947863548759,8.05277218802025,7.62405991504976,6.8791132632548,6.45871975675485,5.96737073712854,5.46745450213578,4.89490972045086,4.39817308346663,3.70551782009161,2.97216981834241,2.35990600332219,1.75550965435972,1.16753990263334,0.65924990685982,0,0.680835487667476,1.31060978782324,1.93221252260677,2.62103205961082,3.44234838735484,4.40874344871626,4.8439412978292,5.57691744983571,6.19256819834031,7.90353376748952,9.19626817159111,9.63832692532637,10.6635090829862,11.6163390884161,12.6263852901642,13.5560540579983
"lat_36_14848",21.9947989361178,19.9507937032527,18.9258489565168,18.0815247589759,17.045186392881,16.1743307533791,15.6634664093936,15.1700201606105,14.6135416081178,14.087719763453,13.2730571475624,11.8926344965165,11.407401213446,10.5923964521965,9.93377729034925,9.37658981611664,8.71784053685995,8.28992742441328,7.54750291825815,7.12836424146036,6.64020988728342,6.1423649806691,5.57108020066419,5.07640533438819,4.3824316981066,3.64486121090551,3.03180686427455,2.42691998643459,1.83963173641193,1.3398662736201,0.680835487667476,0,0.631041554520535,1.25346603852812,1.94103753518498,2.76165198481076,3.72899263231467,4.16400908826416,4.89631075774095,5.51204342809847,7.22369331366346,8.51906996284443,8.96044506288828,9.98731554084553,10.9414491096309,11.9529442353209,12.8834157072528
"lat_36_15298",22.6244311616491,20.5818102893686,19.5563529952652,18.7114215869361,17.6731216734724,16.8002933643258,16.2899809127757,15.7972082928128,15.2409364827737,14.7151564299949,13.9006522687594,12.522736368052,12.0371280692474,11.2205140361559,10.5611776663849,10.0043271679477,9.34471036963821,8.91720485960192,8.17593263423358,7.75732494728279,7.27030256456916,6.77302459544982,6.20198732249513,5.70743477015362,5.01344150109897,4.2751836510827,3.6620602649194,3.0572457754608,2.47030592810676,1.96985141107522,1.31060978782324,0.631041554520535,0,0.622479981210984,1.31042253990719,2.13559737807636,3.10639739981739,3.54060891828591,4.27010533657336,4.8861242125646,6.59985798391167,7.90099216524647,8.34093318051049,9.37088281240682,10.3271649866331,11.3409222246805,12.2725522079246
"lat_36_15748",23.2447378390208,21.2042596849186,20.1786898163131,19.3334100335982,18.2937424290697,17.4194206212291,16.9095428751098,16.4172899391292,15.8611807034403,15.3354390566206,14.5210640164849,13.1448661817411,12.6590344813053,11.8413474435835,11.1815150141789,10.6249194568726,9.96470663878415,9.53750768883773,8.79705134159049,8.37880080979438,7.89245904258821,7.3954461777138,6.82446714746221,6.32974402937673,5.63589680358698,4.89749026260546,4.28435122815847,3.67958154486655,3.09275784450209,2.59128451371568,1.93221252260677,1.25346603852812,0.622479981210984,0,0.690333883916998,1.52457328698107,2.49914572625419,2.93138773279315,3.65596499797502,4.27210940019926,5.98812258046375,7.29624909273317,7.73426228722207,8.76773126660092,9.72636304918049,10.7425675585251,11.6753574653675
"lat_36_16198",23.9345766146497,21.8904691406346,20.8623033124821,20.0152293534246,18.971220985893,18.0933250569009,17.5844627949191,17.0934715856502,16.537791532756,16.0121729055698,15.1981679286144,13.8274723708458,13.3407139084325,12.5197252594065,11.858680077376,11.3027746574352,10.6411926743277,10.2147721567547,9.47649638470484,9.05932667597277,8.57548604504232,8.08011751105771,7.51017254426401,7.01705058304787,6.32234198315307,5.58164953820485,4.96855514366596,4.36418246028284,3.7783717257188,3.28027050023593,2.62103205961082,1.94103753518498,1.31042253990719,0.690333883916998,0,0.841419187535249,1.81643492069063,2.24617758284059,2.96698060580376,3.58305604505005,5.29995585190414,6.61217970276865,7.04882962821371,8.08447558248296,9.04459666850991,10.0624068846236,10.9959115040212
"lat_36_16648",24.7542091529243,22.6951149867963,21.6595111125576,20.8078656152618,19.7537464681584,18.8682777160302,18.3616851848154,17.8735264435503,17.3189169994706,16.7937017868777,15.9807301363497,14.6232391531295,14.1343245211137,13.3059871577713,12.6425836508592,12.0884252037177,11.4242845751602,10.9997496306044,10.2666143420428,9.85210542474615,9.37438151638346,8.88342300600039,8.31657484854383,7.82839181627894,7.13162976201663,6.3858422149433,5.77368118201866,5.17120752392215,4.58885362836773,4.10078340352962,3.44234838735484,2.76165198481076,2.13559737807636,1.52457328698107,0.841419187535249,0,0.975329259937583,1.40681461566147,2.13474119758544,2.75063889398,4.46462343172804,5.77211453755713,6.20973333434244,7.24402296255821,8.20362541693231,9.22112056349756,10.1545511351308
"lat_36_17098",25.7131873468139,23.6404193488529,22.5979251218917,21.742072282588,20.6785016784984,19.7859856371046,19.2817269861619,18.7964250788113,18.2430063433325,17.7183439435121,16.9066279360265,15.5618515739159,15.0711342723368,14.2364199472764,13.5711979857421,13.0189345820014,12.3528966581063,11.9303379394083,11.2022576945775,10.7903608301804,10.3182158442155,9.83129486917126,9.26737908528337,8.78348938604069,8.08561843610335,7.33662123817937,6.72592988414416,6.12569967537155,5.5466641179214,5.06576926637364,4.40874344871626,3.72899263231467,3.10639739981739,2.49914572625419,1.81643492069063,0.975329259937583,0,0.435621039880825,1.17617651189103,1.7880140150785,3.4947905703461,4.79710858816285,5.23542125026526,6.26879465838888,7.2283011204111,8.24598187387911,9.17955779193648
"lat_36_17547",26.1487659722303,24.0747452507642,23.0312252375291,22.1746677683861,21.1093278153754,20.2153740502001,19.7116299575429,19.2269361311422,18.6737778538697,18.1492453417621,17.3378077761599,15.99532115576,15.5043324636874,14.668563923836,14.0030479147405,13.4511551662534,12.7848205496776,12.3626387061252,11.6354406579907,11.2239653408147,10.7526041811985,10.266163814816,9.70254297443655,9.21896294023478,8.52104305991297,7.77184957334725,7.16128729677944,6.5612014995548,5.98227624969249,5.50114800608006,4.8439412978292,4.16400908826416,3.54060891828591,2.93138773279315,2.24617758284059,1.40681461566147,0.435621039880825,0,0.74305691251487,1.35274478794775,3.05968907063309,4.3660111653785,4.80299556654483,5.83845164465206,6.79929672724348,7.81834985428029,8.75245950536536
"lat_36_17997",26.8865252177136,24.8165660448802,23.7738970998423,22.91760513272,21.8523332974565,20.9580516978251,20.4544557615776,19.9698947528201,19.4167779959649,18.8922624467805,18.0808513762863,16.737893752433,16.2470492430657,15.4115821691318,14.7460946005805,14.1941613053558,13.5278609427583,13.1056303367162,12.3781587341352,11.9664471043905,11.494355861386,11.0071411427968,10.4427921018941,9.95789298826461,9.26028122176128,8.51192804841087,7.90089331115468,7.30004558649463,6.71985225662565,6.23508988493782,5.57691744983571,4.89631075774095,4.27010533657336,3.65596499797502,2.96698060580376,2.13474119758544,1.17617651189103,0.74305691251487,0,0.616148183440822,2.33371612231953,3.65920756950583,4.08972842918864,5.13241525311065,6.09714689605016,7.12000399308587,8.05520831202784
"lat_36_18447",27.5008367936172,25.4269053070873,24.3819612451205,23.5242403376364,22.4556235756117,21.5587968168269,21.0561278982224,20.5726705535557,20.0200430509769,19.4957810740623,18.6849050035889,17.3463893639934,16.8549982545711,16.017510318496,15.3515038045378,14.8002781546354,14.1334611580229,13.711942313826,12.9861726891321,12.5753102152665,12.1048947377852,11.6188323073297,11.055286540499,10.5714522663543,9.87361997604525,9.12458022116783,8.51394327015242,7.91363381488774,7.3341361057051,6.85057223881163,6.19256819834031,5.51204342809847,4.8861242125646,4.27210940019926,3.58305604505005,2.75063889398,1.7880140150785,1.35274478794775,0.616148183440822,0,1.71863773588614,3.05111293161161,3.47817355805625,4.52339805703256,5.48940361932511,6.51358866705127,7.44897087409617
"lat_36_19347",29.2024829981387,27.1119962651838,26.0587243261199,25.1960363934168,24.1161256084306,23.2110738281649,22.7116018633752,22.2319385440938,21.6810983124458,21.1578361952639,20.3489924805437,19.0260438930479,18.5328721369102,17.6887672609919,17.0212941374688,16.4726420863485,15.8044176940931,15.3854359476799,14.6656599105948,14.2578493722749,13.7934236585988,13.3116724311896,12.75129673444,12.2717359452354,11.5732647735614,10.8219528356752,10.2130649713068,9.61505252641402,9.03851803776104,8.5604360557565,7.90353376748952,7.22369331366346,6.59985798391167,5.98812258046375,5.29995585190414,4.46462343172804,3.4947905703461,3.05968907063309,2.33371612231953,1.71863773588614,0,1.35550465648973,1.76644516466309,2.81686815552659,3.78469513734688,4.81101515016049,5.74588863488711
"lat_36_19797",30.463873184049,28.3452258872939,27.2796546960079,26.4101344920182,25.3151580180766,24.3998218805299,23.904842291057,23.4304946836924,22.8824054559538,22.3608462734838,21.5553183035417,20.2550174430901,19.7596438802704,18.9070058431001,18.2381832122491,17.6935706235308,17.0241698930853,16.6090852308444,15.8983849173241,15.4953537849014,15.0401782562446,14.565521313316,14.01077354606,13.5387926378181,12.840072466015,12.0861150567019,11.480943316153,10.8876257406567,10.3170401872174,9.84986197743824,9.19626817159111,8.51906996284443,7.90099216524647,7.29624909273317,6.61217970276865,5.77211453755713,4.79710858816285,4.3660111653785,3.65920756950583,3.05111293161161,1.35550465648973,0,0.451362228286066,1.47335336436045,2.43832236343729,3.46269651464716,4.39808873517313
"lat_36_20247",30.9118097299959,28.7954107303954,27.7304089593089,26.861114631796,25.7664468380736,24.8511820510557,24.3561819363295,23.8817811954756,23.333649873856,22.8120584291982,22.0064574503706,20.7053101525837,20.2100374964369,19.3577525256321,18.6889669108221,18.1441836551484,17.4748151804323,17.0595491557509,16.3483442664109,15.9449930365445,15.4891009880708,15.013780647776,14.4584212830284,13.9855214077435,13.2867758248167,12.5330735334199,11.9273791141247,11.33336169556,10.7618181267564,10.2926834302576,9.63832692532637,8.96044506288828,8.34093318051049,7.73426228722207,7.04882962821371,6.20973333434244,5.23542125026526,4.80299556654483,4.08972842918864,3.47817355805625,1.76644516466309,0.451362228286066,0,1.05186601621124,2.01951206193764,3.04612513282192,3.98040429365915
"lat_36_20697",31.9139459778461,29.7805118431927,28.708090962277,27.8347583386484,26.7310139069332,25.8096441387166,25.3176350308158,24.8467166409616,24.3004973774674,23.7801609498963,22.9769224621379,21.6900057551017,21.193609992051,20.336602738687,19.6673469379865,19.1252428349345,18.4555505915188,18.0428065536578,17.3372781121902,16.9369033056202,16.4865298376479,16.0154556926295,15.4635184524488,14.9950255950291,14.2965074653656,13.5418260699818,12.9384960420497,12.3473267907742,11.7792188517547,11.3158564603709,10.6635090829862,9.98731554084553,9.37088281240682,8.76773126660092,8.08447558248296,7.24402296255821,6.26879465838888,5.83845164465206,5.13241525311065,4.52339805703256,2.81686815552659,1.47335336436045,1.05186601621124,0,0.967873863090201,1.99440382636179,2.9290415079195
"lat_36_21147",32.8468576900526,30.7001998359691,29.6220258177204,28.7456087828919,27.6348235118517,26.7087671641674,26.2192433489078,25.7511882438836,25.2065978026716,24.6873647208812,23.8861642656466,22.6106164647513,22.1134599415907,21.2530123493394,20.5835727296104,20.0436763927409,19.3739314102401,18.9632326976489,18.2622099199919,17.8641886668594,17.4180584153367,16.9502518402452,16.4009705509028,15.9357968898402,15.2376303766269,14.4824759857797,13.8810136520197,13.2920299226294,12.7264768156378,12.2671640580033,11.6163390884161,10.9414491096309,10.3271649866331,9.72636304918049,9.04459666850991,8.20362541693231,7.2283011204111,6.79929672724348,6.09714689605016,5.48940361932511,3.78469513734688,2.43832236343729,2.01951206193764,0.967873863090201,0,1.02661598250045,1.96119363728743
"lat_36_21597",33.8335080740447,31.6730058150393,30.5889069967024,29.7093776032094,28.591422309138,27.6606692293707,27.1738173218046,26.7088200868198,26.1660232095876,25.6480355813987,24.8491053069027,23.5855459060122,23.0877025452886,22.2239069890925,21.5544402114872,21.0169330341734,20.3473079009313,19.9387984977486,19.2425368488445,18.8470069035814,18.4052927741223,17.9409134918716,17.3944536971423,16.9327493851684,16.2350983407349,15.4796581901878,14.8802241255376,14.2935774278744,13.7307150670725,13.2755455782481,12.6263852901642,11.9529442353209,11.3409222246805,10.7425675585251,10.0624068846236,9.22112056349756,8.24598187387911,7.81834985428029,7.12000399308587,6.51358866705127,4.81101515016049,3.46269651464716,3.04612513282192,1.99440382636179,1.02661598250045,0,0.935394193536865
"lat_36_22047",34.7473607176172,32.577327307036,31.48909462608,30.6074122385784,29.4844028796398,28.5503534762799,28.0654991850396,27.6027642143762,27.0613210656162,26.5442883264421,25.7470745295365,24.4920530893975,23.9937943088347,23.1277984826399,22.4584080129127,21.9226211881739,21.2531787055264,20.8462206052652,20.1532631978046,19.7594432712568,19.3206807971673,18.8585671195044,18.3139607543802,17.8544655595407,17.1572092643592,16.4016883293687,15.8035508635878,15.2183548768982,14.6571052957428,14.2042727818617,13.5560540579983,12.8834157072528,12.2725522079246,11.6753574653675,10.9959115040212,10.1545511351308,9.17955779193648,8.75245950536536,8.05520831202784,7.44897087409617,5.74588863488711,4.39808873517313,3.98040429365915,2.9290415079195,1.96119363728743,0.935394193536865,0
